INDEX	H2	H2_SE	H2_CHISQ	H2_P	GC	GC_SE	GC_CHISQ	GC_P
1	1.53162e-01	1.31124e-02	1.36439e+02	1.59969e-31	-1.02642e-02	5.81248e-02	3.11835e-02	8.59832e-01
2	1.37539e-01	1.30508e-02	1.11065e+02	5.72570e-26	-1.20975e-02	6.05686e-02	3.98931e-02	8.41690e-01
3	1.40873e-01	1.30640e-02	1.16278e+02	4.13045e-27	-4.36983e-03	6.07429e-02	5.17534e-03	9.42650e-01
4	1.29146e-01	1.30171e-02	9.84313e+01	3.36498e-23	-1.94823e-02	6.06818e-02	1.03077e-01	7.48168e-01
5	1.34420e-01	1.30383e-02	1.06289e+02	6.37302e-25	-1.13085e-02	6.10135e-02	3.43524e-02	8.52959e-01
6	1.26064e-01	1.30046e-02	9.39695e+01	3.20425e-22	-3.53294e-02	5.88504e-02	3.60390e-01	5.48290e-01
7	1.33283e-01	1.30337e-02	1.04572e+02	1.51599e-24	-2.57146e-02	5.88721e-02	1.90784e-01	6.62265e-01
8	1.22469e-01	1.29900e-02	8.88864e+01	4.18149e-21	-6.00285e-02	5.76703e-02	1.08345e+00	2.97926e-01
9	1.30096e-01	1.30209e-02	9.98263e+01	1.66363e-23	-5.00002e-02	5.70559e-02	7.67964e-01	3.80848e-01
10	1.64405e-01	1.31559e-02	1.56168e+02	7.77957e-36	-6.63070e-03	5.50336e-02	1.45165e-02	9.04099e-01
11	1.65134e-01	1.31587e-02	1.57489e+02	4.00173e-36	7.02930e-04	5.48903e-02	1.63996e-04	9.89783e-01
12	1.51224e-01	1.31048e-02	1.33162e+02	8.33195e-31	1.11866e-02	5.70314e-02	3.84738e-02	8.44495e-01
13	1.71442e-01	1.31827e-02	1.69132e+02	1.14513e-38	2.52158e-03	5.45003e-02	2.14066e-03	9.63097e-01
14	1.55488e-01	1.31215e-02	1.40420e+02	2.15479e-32	1.29970e-02	5.67813e-02	5.23929e-02	8.18951e-01
15	1.40673e-01	1.30633e-02	1.15964e+02	4.84107e-27	2.43384e-02	5.89607e-02	1.70396e-01	6.79760e-01
16	1.52842e-01	1.31112e-02	1.35895e+02	2.10413e-31	-1.47003e-03	5.81825e-02	6.38365e-04	9.79843e-01
17	1.51293e-01	1.31051e-02	1.33277e+02	7.86465e-31	8.17217e-03	5.84617e-02	1.95403e-02	8.88829e-01
18	1.38822e-01	1.30559e-02	1.13059e+02	2.09444e-26	2.08341e-02	6.03606e-02	1.19136e-01	7.29973e-01
19	1.40352e-01	1.30620e-02	1.15456e+02	6.25245e-27	-1.57840e-02	5.93702e-02	7.06803e-02	7.90349e-01
20	1.36876e-01	1.30481e-02	1.10043e+02	9.59049e-26	-2.99802e-03	6.10189e-02	2.41402e-03	9.60814e-01
21	1.34518e-01	1.30387e-02	1.06437e+02	5.91416e-25	1.12620e-02	6.18969e-02	3.31048e-02	8.55624e-01
22	1.17914e-01	1.29713e-02	8.26339e+01	9.87471e-20	2.36647e-02	6.50258e-02	1.32443e-01	7.15912e-01
23	1.33016e-01	1.30327e-02	1.04170e+02	1.85724e-24	-2.45445e-02	5.90019e-02	1.73052e-01	6.77413e-01
24	1.28943e-01	1.30163e-02	9.81355e+01	3.90714e-23	-8.75363e-03	6.10702e-02	2.05455e-02	8.86024e-01
25	1.24753e-01	1.29993e-02	9.21005e+01	8.23849e-22	7.95250e-03	6.27913e-02	1.60402e-02	8.99218e-01
26	1.03480e-01	1.29115e-02	6.42342e+01	1.10473e-15	1.34692e-02	6.74859e-02	3.98341e-02	8.41805e-01
27	1.27049e-01	1.30086e-02	9.53860e+01	1.56658e-22	-4.26294e-02	5.80768e-02	5.38781e-01	4.62938e-01
28	1.25563e-01	1.30026e-02	9.32538e+01	4.60016e-22	-2.30118e-02	5.91394e-02	1.51408e-01	6.97194e-01
29	1.23768e-01	1.29953e-02	9.07084e+01	1.66488e-21	-6.71333e-03	6.01786e-02	1.24449e-02	9.11175e-01
30	9.84641e-02	1.28903e-02	5.83481e+01	2.19608e-14	-1.14361e-02	6.58529e-02	3.01581e-02	8.62132e-01
31	1.21456e-01	1.29858e-02	8.74779e+01	8.52286e-21	-6.78292e-02	5.77149e-02	1.38120e+00	2.39897e-01
32	1.20683e-01	1.29827e-02	8.64100e+01	1.46247e-20	-4.76048e-02	5.80340e-02	6.72879e-01	4.12050e-01
33	1.21390e-01	1.29856e-02	8.73865e+01	8.92577e-21	-3.13985e-02	5.81767e-02	2.91287e-01	5.89397e-01
34	9.62289e-02	1.28809e-02	5.58109e+01	7.97882e-14	-4.93876e-02	6.40719e-02	5.94156e-01	4.40816e-01
35	1.19705e-01	1.29787e-02	8.50669e+01	2.88434e-20	-9.76992e-02	5.77945e-02	2.85765e+00	9.09404e-02
36	1.18158e-01	1.29723e-02	8.29640e+01	8.35597e-20	-7.75053e-02	5.79079e-02	1.79138e+00	1.80758e-01
37	1.16722e-01	1.29664e-02	8.10341e+01	2.21860e-19	-6.16502e-02	5.85612e-02	1.10828e+00	2.92456e-01
38	9.49820e-02	1.28756e-02	5.44186e+01	1.62021e-13	-8.61211e-02	6.43564e-02	1.79076e+00	1.80834e-01
39	1.25190e-01	1.30011e-02	9.27214e+01	6.01996e-22	-1.24662e-01	5.74058e-02	4.71583e+00	2.98861e-02
40	1.20390e-01	1.29815e-02	8.60065e+01	1.79348e-20	-1.07378e-01	5.79166e-02	3.43737e+00	6.37372e-02
41	1.13316e-01	1.29524e-02	7.65384e+01	2.15975e-18	-9.38473e-02	5.98808e-02	2.45623e+00	1.17060e-01
42	1.29692e-01	1.30193e-02	9.92316e+01	2.24633e-23	-1.43250e-01	5.77747e-02	6.14769e+00	1.31584e-02
43	1.22379e-01	1.29896e-02	8.87604e+01	4.45653e-21	-1.29835e-01	5.83469e-02	4.95160e+00	2.60666e-02
44	1.15165e-01	1.29600e-02	7.89642e+01	6.32454e-19	-1.17576e-01	6.01793e-02	3.81719e+00	5.07293e-02
45	1.33918e-01	1.30363e-02	1.05528e+02	9.35580e-25	-1.52784e-01	5.82417e-02	6.88157e+00	8.70892e-03
46	1.28047e-01	1.30126e-02	9.68296e+01	7.55564e-23	-1.42675e-01	5.82031e-02	6.00905e+00	1.42326e-02
47	1.28405e-01	1.30141e-02	9.73501e+01	5.80912e-23	-1.26174e-01	5.78913e-02	4.75020e+00	2.92949e-02
48	1.40034e-01	1.30607e-02	1.14957e+02	8.04242e-27	-1.54259e-01	5.77522e-02	7.13448e+00	7.56157e-03
49	1.38053e-01	1.30528e-02	1.11863e+02	3.82958e-26	-1.44048e-01	5.71636e-02	6.35002e+00	1.17380e-02
50	1.46986e-01	1.30882e-02	1.26121e+02	2.89225e-29	-1.18930e-01	5.52757e-02	4.62927e+00	3.14309e-02
51	1.49933e-01	1.30998e-02	1.30999e+02	2.47704e-30	-1.49905e-01	5.59024e-02	7.19071e+00	7.32819e-03
52	1.53427e-01	1.31134e-02	1.36890e+02	1.27459e-31	-1.36975e-01	5.47766e-02	6.25311e+00	1.23975e-02
53	1.63053e-01	1.31507e-02	1.53731e+02	2.65155e-35	-1.05150e-01	5.34362e-02	3.87209e+00	4.90954e-02
54	1.63148e-01	1.31511e-02	1.53901e+02	2.43386e-35	-1.41432e-01	5.29446e-02	7.13594e+00	7.55540e-03
55	1.69591e-01	1.31757e-02	1.65675e+02	6.51409e-38	-1.24192e-01	5.22355e-02	5.65269e+00	1.74286e-02
56	1.74152e-01	1.31930e-02	1.74250e+02	8.72916e-40	-9.45411e-02	5.22017e-02	3.27999e+00	7.01295e-02
57	1.71941e-01	1.31846e-02	1.70068e+02	7.14843e-39	-1.27879e-01	5.08544e-02	6.32324e+00	1.19166e-02
58	1.77142e-01	1.32043e-02	1.79975e+02	4.90683e-41	-1.10443e-01	5.06548e-02	4.75373e+00	2.92349e-02
59	1.71583e-01	1.31833e-02	1.69395e+02	1.00294e-38	-1.13309e-01	4.99317e-02	5.14960e+00	2.32517e-02
60	1.75396e-01	1.31977e-02	1.76622e+02	2.64840e-40	-9.86239e-02	5.04053e-02	3.82836e+00	5.03923e-02
61	1.63888e-01	1.31539e-02	1.55234e+02	1.24490e-35	-9.89730e-02	5.06155e-02	3.82354e+00	5.05373e-02
62	1.59761e-01	1.31380e-02	1.47870e+02	5.06443e-34	-8.74687e-02	5.26233e-02	2.76280e+00	9.64795e-02
63	1.50787e-01	1.31031e-02	1.32427e+02	1.20660e-30	-8.70058e-02	5.27999e-02	2.71537e+00	9.93857e-02
64	1.27922e-01	1.30121e-02	9.66483e+01	8.28015e-23	-7.78781e-02	5.77379e-02	1.81932e+00	1.77395e-01
65	1.12385e-01	1.29485e-02	7.53308e+01	3.98101e-18	-7.29056e-02	6.18084e-02	1.39132e+00	2.38182e-01
66	1.04353e-01	1.29151e-02	6.52851e+01	6.48109e-16	-7.58967e-02	6.36228e-02	1.42305e+00	2.32902e-01
67	1.95719e-01	1.32732e-02	2.17428e+02	3.29245e-49	-2.38575e-02	4.96607e-02	2.30794e-01	6.30935e-01
68	1.97029e-01	1.32780e-02	2.20189e+02	8.22720e-50	-2.36146e-02	4.96620e-02	2.26107e-01	6.34426e-01
69	1.73428e-01	1.31902e-02	1.72875e+02	1.74301e-39	-2.08451e-03	5.45785e-02	1.45869e-03	9.69534e-01
70	1.18305e-01	1.29729e-02	8.31628e+01	7.55660e-20	2.44530e-02	6.20893e-02	1.55106e-01	6.93703e-01
71	1.12170e-01	1.29477e-02	7.50538e+01	4.58051e-18	3.71260e-02	6.49890e-02	3.26344e-01	5.67820e-01
72	1.01416e-01	1.29028e-02	6.17802e+01	3.84010e-15	6.20283e-03	6.57440e-02	8.90158e-03	9.24833e-01
73	9.76164e-02	1.28868e-02	5.73797e+01	3.59304e-14	1.58426e-02	6.90948e-02	5.25728e-02	8.18645e-01
74	9.22050e-02	1.28638e-02	5.13772e+01	7.62171e-13	-3.17937e-02	6.84606e-02	2.15676e-01	6.42355e-01
75	8.98401e-02	1.28537e-02	4.88522e+01	2.75997e-12	-2.51712e-02	7.07321e-02	1.26641e-01	7.21940e-01
76	9.12636e-02	1.28598e-02	5.03650e+01	1.27653e-12	-7.89699e-02	6.88126e-02	1.31700e+00	2.51131e-01
77	9.22603e-02	1.28640e-02	5.14370e+01	7.39325e-13	-7.79794e-02	6.80725e-02	1.31225e+00	2.51988e-01
78	9.65120e-02	1.28821e-02	5.61293e+01	6.78581e-14	-1.28977e-01	6.70897e-02	3.69582e+00	5.45490e-02
79	1.00393e-01	1.28985e-02	6.05802e+01	7.06419e-15	-1.22203e-01	6.41981e-02	3.62345e+00	5.69707e-02
80	1.00797e-01	1.29002e-02	6.10524e+01	5.55750e-15	-1.66009e-01	6.57447e-02	6.37594e+00	1.15678e-02
81	1.11903e-01	1.29465e-02	7.47095e+01	5.45339e-18	-1.44441e-01	6.11326e-02	5.58255e+00	1.81402e-02
82	1.02105e-01	1.29057e-02	6.25937e+01	2.54060e-15	-1.83529e-01	6.59254e-02	7.75004e+00	5.37114e-03
83	1.15356e-01	1.29608e-02	7.92160e+01	5.56770e-19	-1.14398e-01	6.02199e-02	3.60873e+00	5.74771e-02
84	1.27175e-01	1.30091e-02	9.55673e+01	1.42947e-22	-1.50237e-01	5.82492e-02	6.65232e+00	9.90268e-03
85	1.04974e-01	1.29177e-02	6.60383e+01	4.42249e-16	-1.78425e-01	6.58681e-02	7.33775e+00	6.75213e-03
86	1.31179e-01	1.30253e-02	1.01427e+02	7.41455e-24	-1.14861e-01	5.76197e-02	3.97379e+00	4.62136e-02
87	1.35455e-01	1.30424e-02	1.07863e+02	2.87978e-25	-1.38540e-01	5.75620e-02	5.79264e+00	1.60934e-02
88	9.47121e-02	1.28745e-02	5.41194e+01	1.88671e-13	-1.57749e-01	6.99737e-02	5.08231e+00	2.41711e-02
89	1.50594e-01	1.31024e-02	1.32104e+02	1.41981e-30	-1.04467e-01	5.52960e-02	3.56917e+00	5.88616e-02
90	1.41938e-01	1.30683e-02	1.17967e+02	1.76267e-27	-1.17822e-01	5.72579e-02	4.23432e+00	3.96145e-02
91	9.25581e-02	1.28653e-02	5.17594e+01	6.27363e-13	-1.25942e-01	7.13226e-02	3.11807e+00	7.74282e-02
92	1.61810e-01	1.31459e-02	1.51505e+02	8.12748e-35	-9.14126e-02	5.41981e-02	2.84474e+00	9.16733e-02
93	1.30332e-01	1.30219e-02	1.00174e+02	1.39611e-23	-9.08905e-02	6.06912e-02	2.24277e+00	1.34240e-01
94	1.61786e-01	1.31458e-02	1.51464e+02	8.29845e-35	-7.92646e-02	5.46237e-02	2.10570e+00	1.46751e-01
95	1.19267e-01	1.29769e-02	8.44689e+01	3.90299e-20	-7.29057e-02	6.34384e-02	1.32074e+00	2.50459e-01
96	1.59779e-01	1.31381e-02	1.47903e+02	4.98133e-34	-7.19527e-02	5.51772e-02	1.70049e+00	1.92223e-01
97	1.29192e-01	1.30173e-02	9.84989e+01	3.25210e-23	-6.90203e-02	6.15944e-02	1.25566e+00	2.62475e-01
98	1.47033e-01	1.30884e-02	1.26200e+02	2.78021e-29	-6.71503e-02	5.80286e-02	1.33909e+00	2.47194e-01
99	8.80177e-02	1.28459e-02	4.69473e+01	7.29217e-12	-2.12089e-02	7.46802e-02	8.06538e-02	7.76413e-01
100	9.74019e-02	1.28859e-02	5.71358e+01	4.06744e-14	1.37767e-02	7.12270e-02	3.74109e-02	8.46631e-01
101	8.41753e-02	1.28294e-02	4.30485e+01	5.33997e-11	-3.62455e-02	7.58894e-02	2.28111e-01	6.32928e-01
102	9.70989e-02	1.28846e-02	5.67921e+01	4.84402e-14	1.29095e-03	7.01073e-02	3.39074e-04	9.85309e-01
103	8.54501e-02	1.28349e-02	4.43243e+01	2.78237e-11	-5.57473e-02	7.44165e-02	5.61189e-01	4.53782e-01
104	1.12565e-01	1.29493e-02	7.55646e+01	3.53639e-18	6.41153e-03	6.13394e-02	1.09256e-02	9.16752e-01
105	9.93064e-02	1.28939e-02	5.93179e+01	1.34152e-14	-2.56050e-02	6.80619e-02	1.41528e-01	7.06767e-01
106	8.94157e-02	1.28519e-02	4.84054e+01	3.46618e-12	-8.94531e-02	7.07915e-02	1.59672e+00	2.06369e-01
107	1.13910e-01	1.29548e-02	7.73137e+01	1.45848e-18	-1.62184e-02	6.13271e-02	6.99381e-02	7.91427e-01
108	1.10001e-01	1.29387e-02	7.22789e+01	1.86839e-17	-5.35003e-02	6.39011e-02	7.00964e-01	4.02460e-01
109	1.02740e-01	1.29083e-02	6.33493e+01	1.73116e-15	-1.12976e-01	6.45490e-02	3.06330e+00	8.00789e-02
110	1.16473e-01	1.29654e-02	8.07004e+01	2.62669e-19	-3.24953e-02	6.19041e-02	2.75551e-01	5.99632e-01
111	1.17084e-01	1.29679e-02	8.15179e+01	1.73678e-19	-7.46756e-02	6.16006e-02	1.46956e+00	2.25415e-01
112	1.00774e-01	1.29001e-02	6.10255e+01	5.63404e-15	-1.33783e-01	6.37958e-02	4.39759e+00	3.59897e-02
113	1.25864e-01	1.30038e-02	9.36831e+01	3.70312e-22	-4.64973e-02	6.10587e-02	5.79908e-01	4.46349e-01
114	1.29096e-01	1.30169e-02	9.83590e+01	3.49004e-23	-8.58581e-02	5.88267e-02	2.13016e+00	1.44425e-01
115	1.06085e-01	1.29223e-02	6.73943e+01	2.22287e-16	-1.38273e-01	6.19389e-02	4.98364e+00	2.55881e-02
116	1.41032e-01	1.30647e-02	1.16530e+02	3.63786e-27	-5.46854e-02	5.87965e-02	8.65047e-01	3.52330e-01
117	1.44943e-01	1.30802e-02	1.22792e+02	1.54833e-28	-8.35919e-02	5.63858e-02	2.19780e+00	1.38208e-01
118	1.21547e-01	1.29862e-02	8.76041e+01	7.99573e-21	-1.23970e-01	5.90624e-02	4.40564e+00	3.58202e-02
119	1.48873e-01	1.30956e-02	1.29236e+02	6.02278e-30	-5.07155e-02	5.77470e-02	7.71299e-01	3.79816e-01
120	1.41621e-01	1.30670e-02	1.17463e+02	2.27278e-27	-8.12226e-02	5.68601e-02	2.04051e+00	1.53158e-01
121	1.57572e-01	1.31295e-02	1.44032e+02	3.49552e-33	-3.35921e-02	5.81662e-02	3.33529e-01	5.63588e-01
122	1.57449e-01	1.31291e-02	1.43817e+02	3.89547e-33	-4.61165e-02	5.64905e-02	6.66442e-01	4.14295e-01
123	1.36869e-01	1.30481e-02	1.10031e+02	9.64944e-26	-7.84126e-02	5.73678e-02	1.86825e+00	1.71676e-01
124	1.66026e-01	1.31621e-02	1.59112e+02	1.76887e-36	-2.17138e-02	5.66694e-02	1.46816e-01	7.01597e-01
125	1.59900e-01	1.31385e-02	1.48116e+02	4.47489e-34	-3.72777e-02	5.60475e-02	4.42369e-01	5.05981e-01
126	1.27780e-01	1.30116e-02	9.64416e+01	9.19175e-23	-6.87117e-02	5.95007e-02	1.33358e+00	2.48170e-01
127	1.75431e-01	1.31978e-02	1.76689e+02	2.56075e-40	-1.53536e-02	5.43257e-02	7.98753e-02	7.77467e-01
128	1.60365e-01	1.31403e-02	1.48938e+02	2.95804e-34	-3.01029e-02	5.57397e-02	2.91666e-01	5.89155e-01
129	1.25008e-01	1.30003e-02	9.24628e+01	6.86038e-22	-5.58444e-02	6.09230e-02	8.40226e-01	3.59332e-01
130	1.79509e-01	1.32132e-02	1.84570e+02	4.87189e-42	-1.06725e-02	5.28979e-02	4.07057e-02	8.40107e-01
131	1.51139e-01	1.31045e-02	1.33018e+02	8.96074e-31	-2.09391e-02	5.72067e-02	1.33974e-01	7.14347e-01
132	1.70465e-01	1.31790e-02	1.67303e+02	2.87186e-38	-1.43202e-02	5.22720e-02	7.50515e-02	7.84119e-01
133	1.33934e-01	1.30363e-02	1.05552e+02	9.24383e-25	-2.81400e-02	5.75249e-02	2.39296e-01	6.24715e-01
134	1.54991e-01	1.31195e-02	1.39565e+02	3.31348e-32	-2.13846e-02	5.38420e-02	1.57747e-01	6.91240e-01
135	1.59800e-01	1.31382e-02	1.47940e+02	4.88925e-34	-2.31648e-02	5.52015e-02	1.76098e-01	6.74748e-01
136	1.27229e-01	1.30093e-02	9.56446e+01	1.37477e-22	-3.06492e-02	5.87949e-02	2.71743e-01	6.02165e-01
137	1.39467e-01	1.30585e-02	1.14067e+02	1.25969e-26	-3.24901e-02	5.85306e-02	3.08131e-01	5.78830e-01
138	1.61363e-01	1.31442e-02	1.50710e+02	1.21279e-34	-4.12162e-02	5.78623e-02	5.07394e-01	4.76269e-01
139	1.51683e-01	1.31066e-02	1.33934e+02	5.64752e-31	-3.18127e-02	5.95194e-02	2.85681e-01	5.93001e-01
140	1.75346e-01	1.31975e-02	1.76527e+02	2.77856e-40	-4.39908e-02	5.52096e-02	6.34883e-01	4.25570e-01
141	1.55804e-01	1.31227e-02	1.40965e+02	1.63728e-32	-3.77061e-02	5.84682e-02	4.15896e-01	5.18992e-01
142	1.34927e-01	1.30403e-02	1.07058e+02	4.32422e-25	-2.51389e-02	6.23881e-02	1.62363e-01	6.86990e-01
143	1.19323e-01	1.29771e-02	8.45464e+01	3.75302e-20	-1.11914e-02	6.57944e-02	2.89329e-02	8.64934e-01
144	1.76232e-01	1.32008e-02	1.78224e+02	1.18362e-40	-4.72165e-02	5.37375e-02	7.72025e-01	3.79591e-01
145	1.55283e-01	1.31207e-02	1.40066e+02	2.57442e-32	-3.47241e-02	5.76954e-02	3.62225e-01	5.47273e-01
146	1.29052e-01	1.30167e-02	9.82948e+01	3.60512e-23	-1.43140e-02	6.31235e-02	5.14212e-02	8.20609e-01
147	1.07750e-01	1.29293e-02	6.94515e+01	7.83155e-17	3.42078e-04	6.88578e-02	2.46799e-05	9.96036e-01
148	1.70393e-01	1.31787e-02	1.67168e+02	3.07401e-38	-5.69491e-02	5.27327e-02	1.16631e+00	2.80161e-01
149	1.54055e-01	1.31159e-02	1.37961e+02	7.43102e-32	-3.28179e-02	5.60380e-02	3.42970e-01	5.58120e-01
150	1.28000e-01	1.30124e-02	9.67608e+01	7.82307e-23	-2.39046e-03	6.19684e-02	1.48807e-03	9.69229e-01
151	1.60210e-01	1.31397e-02	1.48664e+02	3.39683e-34	-9.23704e-02	5.27183e-02	3.07003e+00	7.97480e-02
152	1.56931e-01	1.31271e-02	1.42916e+02	6.13202e-33	-7.18232e-02	5.31020e-02	1.82939e+00	1.76199e-01
153	1.45896e-01	1.30839e-02	1.24340e+02	7.09782e-29	-3.60001e-02	5.51390e-02	4.26275e-01	5.13823e-01
154	1.20363e-01	1.29814e-02	8.59690e+01	1.82776e-20	4.25739e-03	6.14620e-02	4.79813e-03	9.44776e-01
155	1.41101e-01	1.30649e-02	1.16639e+02	3.44431e-27	-1.24561e-01	5.61714e-02	4.91741e+00	2.65873e-02
156	1.41745e-01	1.30675e-02	1.17660e+02	2.05814e-27	-9.63541e-02	5.52622e-02	3.04008e+00	8.12321e-02
157	1.33015e-01	1.30327e-02	1.04167e+02	1.85922e-24	-4.69283e-02	5.59634e-02	7.03170e-01	4.01720e-01
158	1.32859e-01	1.30320e-02	1.03933e+02	2.09227e-24	-1.21235e-01	5.79170e-02	4.38173e+00	3.63261e-02
159	1.27996e-01	1.30124e-02	9.67553e+01	7.84463e-23	-6.50065e-02	5.74964e-02	1.27830e+00	2.58216e-01
160	1.13122e-01	1.29516e-02	7.62862e+01	2.45397e-18	-1.70526e-01	6.34181e-02	7.23029e+00	7.16835e-03
161	1.19816e-01	1.29791e-02	8.52195e+01	2.67021e-20	-1.37789e-01	6.15767e-02	5.00720e+00	2.52421e-02
162	1.18155e-01	1.29723e-02	8.29604e+01	8.37158e-20	-7.48751e-02	6.08488e-02	1.51415e+00	2.18506e-01
163	1.16183e-01	1.29642e-02	8.03141e+01	3.19374e-19	-1.63108e-01	6.27532e-02	6.75584e+00	9.34412e-03
164	1.19450e-01	1.29776e-02	8.47186e+01	3.43999e-20	-1.34627e-01	6.20561e-02	4.70650e+00	3.00488e-02
165	1.17291e-01	1.29688e-02	8.17959e+01	1.50888e-19	-7.95183e-02	6.24468e-02	1.62149e+00	2.02884e-01
166	1.30888e-01	1.30241e-02	1.00995e+02	9.21952e-24	-1.39013e-01	6.02834e-02	5.31762e+00	2.11108e-02
167	1.34845e-01	1.30400e-02	1.06934e+02	4.60192e-25	-1.14170e-01	5.97009e-02	3.65714e+00	5.58293e-02
168	1.28147e-01	1.30130e-02	9.69751e+01	7.02045e-23	-7.42662e-02	6.12784e-02	1.46882e+00	2.25532e-01
169	1.35895e-01	1.30442e-02	1.08535e+02	2.05195e-25	-1.10829e-01	6.01177e-02	3.39860e+00	6.52517e-02
170	1.43263e-01	1.30735e-02	1.20083e+02	6.06614e-28	-8.55610e-02	5.91688e-02	2.09106e+00	1.48163e-01
171	1.34768e-01	1.30397e-02	1.06816e+02	4.88385e-25	-5.63401e-02	6.08568e-02	8.57072e-01	3.54559e-01
172	1.40075e-01	1.30609e-02	1.15021e+02	7.78492e-27	-8.31363e-02	5.99735e-02	1.92160e+00	1.65681e-01
173	1.47904e-01	1.30918e-02	1.27632e+02	1.35081e-29	-5.96309e-02	5.92034e-02	1.01449e+00	3.13829e-01
174	1.42525e-01	1.30706e-02	1.18902e+02	1.10041e-27	-5.97757e-02	5.92475e-02	1.01791e+00	3.13015e-01
175	1.51077e-01	1.31043e-02	1.32915e+02	9.43885e-31	-3.66682e-02	5.86306e-02	3.91140e-01	5.31701e-01
176	1.47643e-01	1.30908e-02	1.27203e+02	1.67750e-29	-4.28020e-02	5.76699e-02	5.50845e-01	4.57973e-01
177	1.58784e-01	1.31342e-02	1.46151e+02	1.20312e-33	-2.23445e-02	5.60288e-02	1.59044e-01	6.90038e-01
178	1.57985e-01	1.31311e-02	1.44753e+02	2.43167e-33	-3.22915e-02	5.55745e-02	3.37617e-01	5.61208e-01
179	1.66463e-01	1.31638e-02	1.59910e+02	1.18414e-36	-1.40799e-02	5.38305e-02	6.84132e-02	7.93661e-01
180	1.68127e-01	1.31701e-02	1.62966e+02	2.54486e-37	-2.86811e-02	5.37029e-02	2.85231e-01	5.93293e-01
181	1.73631e-01	1.31910e-02	1.73259e+02	1.43687e-39	-1.32073e-02	5.25361e-02	6.31988e-02	8.01510e-01
182	1.67498e-01	1.31677e-02	1.61807e+02	4.55843e-37	-2.84379e-02	5.38407e-02	2.78980e-01	5.97371e-01
183	1.70510e-01	1.31792e-02	1.67387e+02	2.75426e-38	-1.73520e-02	5.33909e-02	1.05624e-01	7.45182e-01
184	1.57588e-01	1.31296e-02	1.44059e+02	3.44815e-33	-3.28941e-02	5.56846e-02	3.48952e-01	5.54707e-01
185	1.39860e-01	1.30600e-02	1.14684e+02	9.23047e-27	-4.06925e-02	5.88710e-02	4.77778e-01	4.89431e-01
186	1.14049e-01	1.29554e-02	7.74957e+01	1.33010e-18	-4.85995e-02	6.48611e-02	5.61428e-01	4.53685e-01
187	9.84746e-02	1.28904e-02	5.83602e+01	2.18267e-14	-6.46547e-02	6.88829e-02	8.81004e-01	3.47927e-01
188	1.63076e-01	1.31508e-02	1.53771e+02	2.59845e-35	-8.66226e-02	5.23929e-02	2.73349e+00	9.82644e-02
189	1.49684e-01	1.30988e-02	1.30584e+02	3.05364e-30	-1.10994e-01	5.43459e-02	4.17123e+00	4.11160e-02
190	1.35494e-01	1.30426e-02	1.07922e+02	2.79507e-25	-1.38434e-01	5.76290e-02	5.77037e+00	1.62986e-02
191	1.26667e-01	1.30070e-02	9.48352e+01	2.06914e-22	-1.55636e-01	6.01171e-02	6.70232e+00	9.62873e-03
192	1.25688e-01	1.30031e-02	9.34319e+01	4.20413e-22	-1.57160e-01	6.06324e-02	6.71858e+00	9.54137e-03
193	1.33959e-01	1.30365e-02	1.05591e+02	9.06472e-25	-1.41153e-01	5.93851e-02	5.64969e+00	1.74585e-02
