INDEX	H2	SE	CHISQ	P
1	1.94638e-01	1.86724e-02	1.08656e+02	1.93082e-25
2	1.76402e-01	1.86243e-02	8.97115e+01	2.75543e-21
3	1.84607e-01	1.86461e-02	9.80214e+01	4.13880e-23
4	1.64392e-01	1.85919e-02	7.81838e+01	9.38834e-19
5	1.76428e-01	1.86243e-02	8.97374e+01	2.71964e-21
6	1.56473e-01	1.85702e-02	7.09971e+01	3.57750e-17
7	1.71081e-01	1.86100e-02	8.45107e+01	3.82134e-20
8	1.50012e-01	1.85524e-02	6.53806e+01	6.17430e-16
9	1.61797e-01	1.85848e-02	7.57925e+01	3.15093e-18
10	2.02505e-01	1.86928e-02	1.17361e+02	2.39339e-27
11	2.05501e-01	1.87005e-02	1.20760e+02	4.31367e-28
12	1.87097e-01	1.86527e-02	1.00613e+02	1.11831e-23
13	2.15528e-01	1.87261e-02	1.32468e+02	1.18167e-30
14	1.97330e-01	1.86794e-02	1.11599e+02	4.37477e-26
15	1.75663e-01	1.86223e-02	8.89804e+01	3.98736e-21
16	1.96265e-01	1.86767e-02	1.10430e+02	7.88786e-26
17	1.97026e-01	1.86786e-02	1.11265e+02	5.17724e-26
18	1.82989e-01	1.86418e-02	9.63555e+01	9.60001e-23
19	1.78234e-01	1.86292e-02	9.15369e+01	1.09529e-21
20	1.79233e-01	1.86318e-02	9.25394e+01	6.59963e-22
21	1.82496e-01	1.86405e-02	9.58505e+01	1.23896e-22
22	1.66381e-01	1.85973e-02	8.00405e+01	3.66820e-19
23	1.65484e-01	1.85949e-02	7.92002e+01	5.61243e-19
24	1.67976e-01	1.86016e-02	8.15446e+01	1.71354e-19
25	1.73656e-01	1.86169e-02	8.70096e+01	1.07998e-20
26	1.56301e-01	1.85698e-02	7.08455e+01	3.86321e-17
27	1.54744e-01	1.85655e-02	6.94730e+01	7.74662e-17
28	1.58696e-01	1.85763e-02	7.29811e+01	1.30897e-17
29	1.68751e-01	1.86037e-02	8.22802e+01	1.18097e-19
30	1.50217e-01	1.85530e-02	6.55558e+01	5.64928e-16
31	1.48640e-01	1.85486e-02	6.42171e+01	1.11437e-15
32	1.49613e-01	1.85513e-02	6.50416e+01	7.33343e-16
33	1.58683e-01	1.85763e-02	7.29699e+01	1.31643e-17
34	1.40031e-01	1.85246e-02	5.71414e+01	4.05586e-14
35	1.52464e-01	1.85592e-02	6.74867e+01	2.12115e-16
36	1.49437e-01	1.85508e-02	6.48914e+01	7.91422e-16
37	1.49226e-01	1.85502e-02	6.47126e+01	8.66609e-16
38	1.30045e-01	1.84964e-02	4.94324e+01	2.05327e-12
39	1.64750e-01	1.85929e-02	7.85157e+01	7.93669e-19
40	1.57107e-01	1.85720e-02	7.15605e+01	2.68882e-17
41	1.46009e-01	1.85413e-02	6.20125e+01	3.41284e-15
42	1.71740e-01	1.86118e-02	8.51472e+01	2.76964e-20
43	1.62265e-01	1.85861e-02	7.62205e+01	2.53689e-18
44	1.50052e-01	1.85525e-02	6.54146e+01	6.06880e-16
45	1.73464e-01	1.86164e-02	8.68217e+01	1.18761e-20
46	1.67220e-01	1.85996e-02	8.08297e+01	2.46030e-19
47	1.65495e-01	1.85949e-02	7.92107e+01	5.58280e-19
48	1.77707e-01	1.86277e-02	9.10100e+01	1.42947e-21
49	1.75897e-01	1.86229e-02	8.92119e+01	3.54717e-21
50	1.85722e-01	1.86490e-02	9.91776e+01	2.30841e-23
51	1.88234e-01	1.86556e-02	1.01806e+02	6.12324e-24
52	1.91117e-01	1.86632e-02	1.04864e+02	1.30809e-24
53	2.02823e-01	1.86936e-02	1.17719e+02	1.99784e-27
54	2.04867e-01	1.86989e-02	1.20036e+02	6.21095e-28
55	2.09778e-01	1.87115e-02	1.25691e+02	3.59369e-29
56	2.15767e-01	1.87267e-02	1.32754e+02	1.02364e-30
57	2.18710e-01	1.87342e-02	1.36291e+02	1.72298e-31
58	2.19523e-01	1.87362e-02	1.37276e+02	1.04914e-31
59	2.20332e-01	1.87382e-02	1.38260e+02	6.39308e-32
60	2.20408e-01	1.87384e-02	1.38353e+02	6.10116e-32
61	2.13117e-01	1.87200e-02	1.29606e+02	4.99731e-30
62	2.06728e-01	1.87037e-02	1.22164e+02	2.12537e-28
63	1.99284e-01	1.86845e-02	1.13758e+02	1.47202e-26
64	1.74371e-01	1.86188e-02	8.77088e+01	7.58365e-21
65	1.57395e-01	1.85728e-02	7.18167e+01	2.36140e-17
66	1.48593e-01	1.85485e-02	6.41771e+01	1.13721e-15
67	2.26526e-01	1.87538e-02	1.45902e+02	1.36407e-33
68	2.28718e-01	1.87592e-02	1.48653e+02	3.41562e-34
69	2.16916e-01	1.87296e-02	1.34130e+02	5.11674e-31
70	1.47060e-01	1.85442e-02	6.28888e+01	2.18716e-15
71	1.47547e-01	1.85456e-02	6.32966e+01	1.77809e-15
72	1.32666e-01	1.85038e-02	5.14042e+01	7.51774e-13
73	1.36600e-01	1.85149e-02	5.44322e+01	1.60905e-13
74	1.28642e-01	1.84924e-02	4.83924e+01	3.48914e-12
75	1.33807e-01	1.85071e-02	5.22739e+01	4.82738e-13
76	1.34079e-01	1.85078e-02	5.24824e+01	4.34131e-13
77	1.38368e-01	1.85199e-02	5.58206e+01	7.93964e-14
78	1.44308e-01	1.85366e-02	6.06069e+01	6.96897e-15
79	1.44791e-01	1.85379e-02	6.10047e+01	5.69378e-15
80	1.51187e-01	1.85557e-02	6.63860e+01	3.70717e-16
81	1.56349e-01	1.85699e-02	7.08873e+01	3.78229e-17
82	1.56435e-01	1.85701e-02	7.09642e+01	3.63772e-17
83	1.49038e-01	1.85497e-02	6.45535e+01	9.39450e-16
84	1.77366e-01	1.86268e-02	9.06699e+01	1.69756e-21
85	1.67682e-01	1.86008e-02	8.12663e+01	1.97258e-19
86	1.70596e-01	1.86087e-02	8.40444e+01	4.83794e-20
87	1.95996e-01	1.86760e-02	1.10136e+02	9.15047e-26
88	1.62163e-01	1.85858e-02	7.61277e+01	2.65906e-18
89	1.99022e-01	1.86838e-02	1.13468e+02	1.70437e-26
90	2.10866e-01	1.87143e-02	1.26960e+02	1.89563e-29
91	1.62838e-01	1.85877e-02	7.67472e+01	1.94300e-18
92	2.14757e-01	1.87242e-02	1.31550e+02	1.87684e-30
93	1.98943e-01	1.86836e-02	1.13380e+02	1.78123e-26
94	2.15179e-01	1.87252e-02	1.32052e+02	1.45733e-30
95	1.81668e-01	1.86383e-02	9.50042e+01	1.89978e-22
96	2.12323e-01	1.87180e-02	1.28670e+02	8.00969e-30
97	1.88285e-01	1.86558e-02	1.01860e+02	5.95943e-24
98	1.99091e-01	1.86840e-02	1.13543e+02	1.64053e-26
99	1.17779e-01	1.84612e-02	4.07018e+01	1.77326e-10
100	1.27342e-01	1.84887e-02	4.74385e+01	5.67566e-12
101	1.14626e-01	1.84521e-02	3.85900e+01	5.22854e-10
102	1.25090e-01	1.84822e-02	4.58077e+01	1.30451e-11
103	1.19642e-01	1.84666e-02	4.19752e+01	9.24402e-11
104	1.36964e-01	1.85160e-02	5.47166e+01	1.39224e-13
105	1.30328e-01	1.84972e-02	4.96438e+01	1.84350e-12
106	1.31781e-01	1.85013e-02	5.07344e+01	1.05750e-12
107	1.37369e-01	1.85171e-02	5.50338e+01	1.18474e-13
108	1.50905e-01	1.85549e-02	6.61438e+01	4.19192e-16
109	1.55936e-01	1.85688e-02	7.05226e+01	4.55020e-17
110	1.41980e-01	1.85301e-02	5.87083e+01	1.82870e-14
111	1.70182e-01	1.86076e-02	8.36467e+01	5.91592e-20
112	1.60455e-01	1.85812e-02	7.45690e+01	5.85549e-18
113	1.57382e-01	1.85727e-02	7.18054e+01	2.37507e-17
114	1.92409e-01	1.86666e-02	1.06247e+02	6.50785e-25
115	1.71120e-01	1.86101e-02	8.45484e+01	3.74917e-20
116	1.80606e-01	1.86355e-02	9.39252e+01	3.27684e-22
117	2.13145e-01	1.87201e-02	1.29639e+02	4.91628e-30
118	1.92965e-01	1.86681e-02	1.06846e+02	4.81110e-25
119	1.92918e-01	1.86679e-02	1.06795e+02	4.93618e-25
120	2.10595e-01	1.87136e-02	1.26643e+02	2.22351e-29
121	1.76812e-01	1.86254e-02	9.01189e+01	2.24274e-21
122	2.05437e-01	1.87004e-02	1.20686e+02	4.47716e-28
123	2.03537e-01	1.86955e-02	1.18526e+02	1.32976e-27
124	1.92916e-01	1.86679e-02	1.06793e+02	4.94068e-25
125	2.09292e-01	1.87103e-02	1.25125e+02	4.77791e-29
126	1.88201e-01	1.86556e-02	1.01772e+02	6.22930e-24
127	2.12105e-01	1.87174e-02	1.28413e+02	9.11351e-30
128	2.10452e-01	1.87132e-02	1.26476e+02	2.41857e-29
129	1.79942e-01	1.86337e-02	9.32542e+01	4.59916e-22
130	2.23650e-01	1.87466e-02	1.42330e+02	8.23783e-33
131	1.98486e-01	1.86824e-02	1.12874e+02	2.29981e-26
132	2.16229e-01	1.87279e-02	1.33306e+02	7.75105e-31
133	1.75484e-01	1.86218e-02	8.88036e+01	4.36019e-21
134	1.97466e-01	1.86798e-02	1.11748e+02	4.05725e-26
135	2.04640e-01	1.86983e-02	1.19778e+02	7.07480e-28
136	1.61502e-01	1.85840e-02	7.55225e+01	3.61267e-18
137	1.79645e-01	1.86329e-02	9.29539e+01	5.35275e-22
138	2.08174e-01	1.87074e-02	1.23830e+02	9.17843e-29
139	1.96944e-01	1.86784e-02	1.11174e+02	5.41930e-26
140	2.27302e-01	1.87557e-02	1.46873e+02	8.36726e-34
141	2.06274e-01	1.87025e-02	1.21643e+02	2.76310e-28
142	1.82135e-01	1.86395e-02	9.54810e+01	1.49321e-22
143	1.60513e-01	1.85813e-02	7.46218e+01	5.70089e-18
144	2.29633e-01	1.87615e-02	1.49807e+02	1.91010e-34
145	2.08282e-01	1.87077e-02	1.23955e+02	8.61966e-29
146	1.77830e-01	1.86281e-02	9.11331e+01	1.34327e-21
147	1.46369e-01	1.85423e-02	6.23121e+01	2.93124e-15
148	2.21407e-01	1.87409e-02	1.39573e+02	3.30082e-32
149	2.05068e-01	1.86994e-02	1.20265e+02	5.53485e-28
150	1.73916e-01	1.86176e-02	8.72632e+01	9.49988e-21
151	2.03943e-01	1.86965e-02	1.18986e+02	1.05470e-27
152	2.02592e-01	1.86931e-02	1.17459e+02	2.27807e-27
153	1.90631e-01	1.86619e-02	1.04345e+02	1.69960e-24
154	1.58113e-01	1.85748e-02	7.24587e+01	1.70569e-17
155	1.75166e-01	1.86210e-02	8.84900e+01	5.10915e-21
156	1.79048e-01	1.86313e-02	9.23529e+01	7.25199e-22
157	1.68951e-01	1.86042e-02	8.24706e+01	1.07254e-19
158	1.59597e-01	1.85788e-02	7.37932e+01	8.67464e-18
159	1.54442e-01	1.85647e-02	6.92077e+01	8.86216e-17
160	1.24297e-01	1.84800e-02	4.52396e+01	1.74346e-11
161	1.32828e-01	1.85043e-02	5.15273e+01	7.06072e-13
162	1.32054e-01	1.85021e-02	5.09401e+01	9.52270e-13
163	1.23048e-01	1.84764e-02	4.43519e+01	2.74339e-11
164	1.24869e-01	1.84816e-02	4.56488e+01	1.41469e-11
165	1.23765e-01	1.84784e-02	4.48604e+01	2.11591e-11
166	1.38365e-01	1.85199e-02	5.58179e+01	7.95039e-14
167	1.39038e-01	1.85218e-02	5.63507e+01	6.06312e-14
168	1.34780e-01	1.85098e-02	5.30211e+01	3.29983e-13
169	1.45502e-01	1.85399e-02	6.15919e+01	4.22550e-15
170	1.47428e-01	1.85453e-02	6.31970e+01	1.87030e-15
171	1.42717e-01	1.85321e-02	5.93062e+01	1.34951e-14
172	1.53807e-01	1.85629e-02	6.86529e+01	1.17410e-16
173	1.55663e-01	1.85680e-02	7.02816e+01	5.14142e-17
174	1.61740e-01	1.85847e-02	7.57399e+01	3.23608e-18
175	1.66125e-01	1.85966e-02	7.97997e+01	4.14359e-19
176	1.74097e-01	1.86181e-02	8.74403e+01	8.68637e-21
177	1.84159e-01	1.86449e-02	9.75587e+01	5.22829e-23
178	1.93628e-01	1.86698e-02	1.07562e+02	3.35303e-25
179	2.01624e-01	1.86906e-02	1.16370e+02	3.94432e-27
180	2.11474e-01	1.87158e-02	1.27673e+02	1.32376e-29
181	2.17118e-01	1.87301e-02	1.34372e+02	4.52958e-31
182	2.13961e-01	1.87221e-02	1.30605e+02	3.02149e-30
183	2.18064e-01	1.87325e-02	1.35511e+02	2.55241e-31
184	2.02943e-01	1.86940e-02	1.17855e+02	1.86581e-27
185	1.80694e-01	1.86357e-02	9.40152e+01	3.13108e-22
186	1.49523e-01	1.85511e-02	6.49644e+01	7.62646e-16
187	1.30031e-01	1.84963e-02	4.94220e+01	2.06415e-12
188	2.09117e-01	1.87098e-02	1.24923e+02	5.29133e-29
189	1.88353e-01	1.86560e-02	1.01932e+02	5.74613e-24
190	1.63083e-01	1.85883e-02	7.69727e+01	1.73335e-18
191	1.42744e-01	1.85322e-02	5.93281e+01	1.33456e-14
192	1.34281e-01	1.85084e-02	5.26374e+01	4.01183e-13
193	1.40555e-01	1.85261e-02	5.75609e+01	3.27667e-14
